
   3.4070304535013536       0.50000000000000000       0.59999999999999998     
   3.9155717337611660       0.50000000000000000       0.59999999999999998     
   3.4070304535013536       0.50000000000000000       0.59999999999999998     
   3.4070304535013536       0.50000000000000000       0.59999999999999998     
   3.7909855879479153       0.50000000000000000       0.59999999999999998     
   4.3800218749606552       0.50000000000000000       0.59999999999999998     
   4.3800218749606552       0.50000000000000000       0.59999999999999998     
   3.7880261961878197       0.50000000000000000       0.59999999999999998     
  0.20259017610083752       0.24193500000000001       3.51899999999999999E-003
  0.20611972636140141       0.24193500000000001       3.51899999999999999E-003
  0.20611972636140141       0.24193500000000001       3.51899999999999999E-003
  0.20259017610083752       0.24193500000000001       3.51899999999999999E-003
  0.20259017610083752       0.24193500000000001       3.51899999999999999E-003
  0.20259017610083752       0.24193500000000001       3.51899999999999999E-003
  0.20257356811985749       0.24193500000000001       3.51899999999999999E-003
  0.20201973221170277       0.24193500000000001       3.51899999999999999E-003
  0.20255348111916471       0.22629500000000000       4.88799999999999998E-003
